0 1
0 2
0 3
4 5
4 6
4 7
4 8
4 9
4 10
11 12
11 13
11 14
11 15
16 17
16 18
16 19
16 20
21 22
21 23
21 24
21 25
19 26
19 27
19 28
29 30
29 31
29 32
33 34
33 35
33 36
33 37
38 39
38 40
38 41
42 43
42 44
42 45
42 46
42 47
42 48
42 49
42 50
42 51
52 53
52 54
52 55
56 57
56 58
56 59
56 60
56 61
56 62
56 63
64 65
64 66
64 67
64 68
69 70
69 71
69 72
73 74
73 75
73 76
73 77
73 78
73 10
13 79
13 80
13 81
13 82
13 83
13 84
13 21
13 85
13 86
87 88
87 89
87 90
87 25
91 92
91 93
91 94
91 95
96 97
96 98
96 99
100 101
100 99
102 103
102 104
105 106
105 107
108 109
108 110
108 102
108 25
111 112
111 99
18 113
18 114
18 115
116 117
116 118
116 119
116 120
116 121
116 122
116 123
116 124
116 125
116 126
88 127
88 128
88 129
88 130
88 131
49 132
49 133
49 134
49 135
90 136
90 137
90 138
125 139
125 52
125 140
125 68
109 141
109 142
109 143
109 144
109 145
109 131
40 146
40 147
40 148
149 150
149 151
149 152
149 153
154 38
154 155
154 156
154 157
158 159
158 99
101 160
101 161
50 162
50 163
50 164
50 165
166 167
166 168
166 169
166 170
114 171
114 172
114 173
114 174
114 175
2 176
2 177
2 178
179 180
179 181
179 148
182 183
182 184
182 185
182 186
67 187
67 188
67 189
67 190
67 191
67 4
67 192
193 29
193 194
193 69
193 195
71 196
71 197
71 198
17 199
98 42
98 200
201 202
201 203
204 96
204 205
204 100
204 158
204 111
204 206
204 207
204 208
204 209
140 210
140 211
140 212
140 213
140 214
140 73
140 192
85 215
85 216
85 217
85 218
155 219
155 203
220 221
220 222
220 223
220 224
220 225
220 226
220 227
220 166
220 228
12 229
12 230
12 231
12 232
12 233
12 234
12 87
12 235
12 86
236 237
236 238
236 239
240 201
240 241
240 236
240 157
206 11
206 99
242 243
242 244
242 245
242 246
227 247
227 105
227 0
227 248
112 220
112 249
159 250
159 251
159 252
65 253
65 254
65 255
65 256
65 257
65 258
259 260
259 261
259 262
259 263
259 264
259 265
259 266
259 33
259 64
259 126
250 267
250 268
250 269
250 270
250 271
250 272
250 273
250 154
250 274
23 275
23 276
23 277
23 278
23 279
23 56
23 104
280 281
280 282
280 283
280 284
280 285
280 286
280 193
280 91
280 287
257 288
257 289
257 290
257 186
273 291
273 292
273 293
273 246
207 294
207 295
207 296
156 297
156 298
156 239
208 299
208 300
208 301
208 302
89 303
89 104
241 304
241 179
241 41
110 305
110 306
110 138
251 307
251 308
251 309
251 310
251 311
251 312
251 240
251 242
251 274
124 313
124 314
124 315
124 37
316 317
316 318
247 319
247 320
247 321
247 107
139 322
139 323
139 324
139 325
139 182
139 258
163 326
163 327
163 328
329 330
329 331
329 332
329 333
329 334
194 335
194 336
97 259
97 116
97 200
164 337
164 338
164 339
164 340
164 329
164 341
235 342
235 343
235 344
235 218
22 345
22 346
22 138
347 348
347 349
347 350
347 218
351 280
351 352
24 353
24 354
24 355
24 356
24 316
24 131
162 357
162 358
162 359
162 360
162 361
162 149
162 362
205 351
205 99
160 363
160 364
160 365
160 366
160 367
160 368
160 369
160 16
160 370
130 371
130 372
130 318
145 373
145 318
14 374
14 375
14 376
14 377
14 378
14 379
14 347
14 108
14 86
66 380
66 381
66 55
369 382
369 383
369 384
369 385
