0 1
0 2
0 3
4 5
4 6
4 7
4 8
4 9
4 10
11 12
11 13
11 14
11 15
16 17
16 18
16 19
16 20
21 22
21 23
21 24
21 25
18 26
18 27
18 28
29 30
29 26
29 31
32 33
32 33
32 34
32 35
36 37
36 38
36 39
40 41
40 42
40 43
40 44
40 45
40 46
40 47
40 48
40 49
50 51
50 26
50 52
53 54
53 6
53 55
53 56
53 57
53 33
53 58
59 60
59 61
59 62
59 63
64 30
64 65
64 66
67 7
67 68
67 69
67 6
67 8
67 70
12 71
12 72
12 73
12 74
12 75
12 76
12 77
12 21
12 78
79 80
79 81
79 82
79 83
84 33
84 33
84 33
84 85
86 87
86 88
86 89
90 91
90 92
93 94
93 95
96 97
96 98
99 93
99 100
99 101
99 102
103 104
103 105
17 27
17 106
17 107
108 109
108 110
108 111
108 112
108 113
108 114
108 115
108 116
108 117
108 118
82 119
82 120
82 121
82 122
82 123
47 33
47 34
47 33
47 124
81 120
81 26
81 125
116 126
116 50
116 127
116 128
100 129
100 119
100 121
100 130
100 131
100 132
38 133
38 6
38 134
135 6
135 136
135 137
135 138
139 140
139 36
139 141
139 142
143 144
143 145
91 146
91 147
48 148
48 149
48 150
48 151
152 33
152 34
152 34
152 153
106 110
106 154
106 155
106 156
106 157
2 158
2 159
2 160
161 6
161 162
161 163
164 156
164 6
164 165
164 166
60 167
60 168
60 169
60 115
60 170
60 4
60 171
172 29
172 64
172 173
172 174
65 175
65 176
65 177
19 178
88 40
88 179
180 94
180 181
182 183
182 184
182 86
182 103
182 185
182 143
182 90
182 186
182 187
126 169
126 115
126 188
126 170
126 189
126 67
126 190
77 33
77 34
77 33
77 191
141 94
141 192
193 194
193 195
193 196
193 197
193 198
193 199
193 200
193 152
193 201
14 202
14 203
14 76
14 204
14 205
14 206
14 79
14 207
14 208
209 210
209 97
209 211
212 180
212 213
212 209
212 214
184 11
184 215
216 33
216 33
216 33
216 217
200 0
200 218
200 96
200 219
104 193
104 220
144 221
144 222
144 223
61 51
61 130
61 121
61 119
61 224
61 225
226 227
226 111
226 115
226 112
226 110
226 228
226 114
226 32
226 59
226 229
221 230
221 231
221 232
221 233
221 234
221 235
221 236
221 139
221 237
22 76
22 238
22 239
22 115
22 240
22 53
22 241
242 243
242 205
242 244
242 245
242 246
242 247
242 84
242 172
242 248
224 6
224 156
224 165
224 249
236 33
236 33
236 33
236 250
183 205
183 205
183 251
140 37
140 26
140 252
186 205
186 253
186 254
186 255
80 94
80 256
213 210
213 161
213 257
101 129
101 258
101 259
222 260
222 261
222 205
222 262
222 234
222 263
222 212
222 216
222 264
117 33
117 33
117 34
117 265
266 57
266 267
218 110
218 33
218 26
218 268
127 51
127 119
127 130
127 121
127 164
127 269
149 27
149 26
149 270
271 154
271 110
271 156
271 155
271 272
173 94
173 273
87 226
87 108
87 274
150 121
150 27
150 130
150 119
150 271
150 275
207 33
207 33
207 33
207 276
23 277
23 258
23 278
279 33
279 33
279 33
279 280
281 242
281 282
24 130
24 121
24 119
24 277
24 266
24 283
148 115
148 284
148 285
148 286
148 137
148 135
148 287
185 281
185 288
146 289
146 290
146 291
146 205
146 292
146 291
146 293
146 16
146 294
122 6
122 295
122 296
131 57
131 297
13 76
13 298
13 205
13 299
13 300
13 301
13 279
13 99
13 302
62 51
62 26
62 303
293 33
293 33
293 33
293 304
