0 0
1 1
2 0
3 2
4 0
5 1
6 1
7 1
8 1
9 1
10 2
11 0
12 0
13 0
14 0
15 2
16 0
17 0
18 0
19 0
20 2
21 0
22 0
23 0
24 0
25 2
26 1
27 1
28 2
29 0
30 1
31 2
32 0
33 1
34 1
35 2
36 0
37 1
38 0
39 2
40 0
41 1
42 1
43 1
44 1
45 1
46 1
47 0
48 0
49 2
50 0
51 1
52 2
53 0
54 1
55 1
56 1
57 1
58 2
59 0
60 0
61 0
62 0
63 2
64 0
65 0
66 2
67 0
68 1
69 1
70 2
71 1
72 1
73 1
74 1
75 1
76 1
77 0
78 2
79 0
80 0
81 0
82 0
83 2
84 0
85 2
86 0
87 0
88 0
89 2
90 0
91 0
92 2
93 0
94 1
95 2
96 0
97 1
98 2
99 0
100 0
101 0
102 2
103 0
104 0
105 2
106 0
107 2
108 0
109 1
110 1
111 1
112 1
113 1
114 1
115 1
116 0
117 0
118 2
119 1
120 1
121 1
122 0
123 2
124 2
125 2
126 0
127 0
128 2
129 1
130 1
131 0
132 2
133 1
134 2
135 0
136 1
137 1
138 2
139 0
140 0
141 0
142 2
143 0
144 0
145 2
146 0
147 2
148 0
149 0
150 0
151 2
152 0
153 2
154 1
155 1
156 1
157 2
158 1
159 1
160 2
161 0
162 1
163 2
164 0
165 1
166 2
167 1
168 1
169 1
170 1
171 2
172 0
173 0
174 2
175 1
176 1
177 2
178 2
179 2
180 0
181 2
182 0
183 0
184 0
185 0
186 0
187 2
188 1
189 1
190 2
191 2
192 2
193 0
194 1
195 1
196 1
197 1
198 1
199 1
200 0
201 2
202 1
203 1
204 1
205 1
206 1
207 0
208 2
209 0
210 1
211 2
212 0
213 0
214 2
215 2
216 0
217 2
218 0
219 2
220 2
221 0
222 0
223 2
224 0
225 2
226 0
227 1
228 1
229 2
230 1
231 1
232 1
233 1
234 1
235 1
236 0
237 2
238 1
239 1
240 1
241 2
242 0
243 1
244 1
245 1
246 1
247 1
248 2
249 2
250 2
251 2
252 2
253 1
254 1
255 2
256 2
257 2
258 1
259 2
260 1
261 1
262 1
263 1
264 2
265 2
266 0
267 2
268 2
269 2
270 2
271 0
272 2
273 2
274 2
275 2
276 2
277 1
278 2
279 0
280 2
281 0
282 2
283 2
284 1
285 1
286 1
287 2
288 2
289 1
290 1
291 1
292 1
293 0
294 2
295 1
296 2
297 2
298 1
299 1
300 1
301 1
302 2
303 2
304 2
