0 0
1 1
2 0
3 2
4 0
5 1
6 1
7 1
8 1
9 1
10 2
11 0
12 0
13 0
14 0
15 2
16 0
17 0
18 0
19 0
20 2
21 0
22 0
23 0
24 0
25 2
26 1
27 1
28 2
29 0
30 1
31 1
32 2
33 0
34 1
35 1
36 1
37 2
38 0
39 1
40 0
41 2
42 0
43 1
44 1
45 1
46 1
47 1
48 1
49 0
50 0
51 2
52 0
53 1
54 1
55 2
56 0
57 1
58 1
59 1
60 1
61 1
62 1
63 2
64 0
65 0
66 0
67 0
68 2
69 0
70 1
71 0
72 2
73 0
74 1
75 1
76 1
77 1
78 1
79 1
80 1
81 1
82 1
83 1
84 1
85 0
86 2
87 0
88 0
89 0
90 0
91 0
92 1
93 1
94 1
95 2
96 0
97 0
98 0
99 2
100 0
101 0
102 0
103 1
104 2
105 0
106 1
107 2
108 0
109 0
110 0
111 0
112 0
113 1
114 0
115 2
116 0
117 1
118 1
119 1
120 1
121 1
122 1
123 1
124 0
125 0
126 2
127 1
128 1
129 1
130 0
131 2
132 1
133 1
134 1
135 2
136 1
137 1
138 2
139 0
140 0
141 1
142 1
143 1
144 1
145 0
146 1
147 1
148 2
149 0
150 1
151 1
152 1
153 2
154 0
155 0
156 0
157 2
158 0
159 0
160 0
161 2
162 0
163 0
164 0
165 2
166 0
167 1
168 1
169 1
170 2
171 1
172 1
173 1
174 1
175 2
176 1
177 1
178 2
179 0
180 1
181 1
182 0
183 1
184 1
185 1
186 2
187 1
188 1
189 1
190 1
191 1
192 2
193 0
194 0
195 2
196 1
197 1
198 2
199 2
200 2
201 0
202 1
203 2
204 0
205 0
206 0
207 0
208 0
209 2
210 1
211 1
212 1
213 1
214 1
215 1
216 1
217 1
218 2
219 1
220 0
221 1
222 1
223 1
224 1
225 1
226 1
227 0
228 2
229 1
230 1
231 1
232 1
233 1
234 1
235 0
236 0
237 1
238 1
239 2
240 0
241 0
242 0
243 1
244 1
245 1
246 2
247 0
248 2
249 2
250 0
251 0
252 2
253 1
254 1
255 1
256 1
257 0
258 2
259 0
260 1
261 1
262 1
263 1
264 1
265 1
266 1
267 1
268 1
269 1
270 1
271 1
272 1
273 0
274 2
275 1
276 1
277 1
278 1
279 1
280 0
281 1
282 1
283 1
284 1
285 1
286 1
287 2
288 1
289 1
290 1
291 1
292 1
293 1
294 1
295 1
296 2
297 1
298 1
299 1
300 1
301 1
302 2
303 1
304 1
305 1
306 1
307 1
308 1
309 1
310 1
311 1
312 1
313 1
314 1
315 1
316 0
317 1
318 2
319 1
320 1
321 1
322 1
323 1
324 1
325 1
326 1
327 1
328 2
329 0
330 1
331 1
332 1
333 1
334 2
335 1
336 2
337 1
338 1
339 1
340 1
341 2
342 1
343 1
344 1
345 1
346 1
347 0
348 1
349 1
350 1
351 0
352 2
353 1
354 1
355 1
356 1
357 1
358 1
359 1
360 1
361 1
362 2
363 1
364 1
365 1
366 1
367 1
368 1
369 0
370 2
371 1
372 1
373 1
374 1
375 1
376 1
377 1
378 1
379 1
380 1
381 1
382 1
383 1
384 1
385 2
